59
0 2 0 0
0 2 0 1
0 2 1 0
0 5 1 0 2 10 2
0 11 0 2 10 1 2 10 0 0 2 10 2
0 4 1 2 0 2
0 8 0 10 0 10 2 10 2 10
0 8 0 10 2 10 0 10 2 10
0 5 0 0 3 4 5
0 7 1 1 3 4 1 6 0
0 9 1 1 1 3 4 10 7 10 1
0 14 0 0 0 0 0 0 0 3 4 8 10 8 10 8
0 14 0 0 0 0 0 0 0 3 4 8 10 8 10 8
0 14 0 0 0 0 0 0 0 3 4 8 10 8 10 8
0 14 0 0 0 0 0 0 0 3 4 8 10 8 10 8
0 14 0 0 0 0 0 0 0 3 4 8 10 8 10 8
0 14 0 0 0 0 0 0 0 3 4 8 10 8 10 8
0 14 0 0 0 0 0 0 0 3 4 8 10 8 10 8
0 14 0 0 0 0 3 4 4 8 0 10 0 10 6 10
0 10 0 0 0 0 3 4 8 10 3 9
0 10 0 0 0 0 3 4 8 10 3 9
0 10 0 0 0 0 3 4 8 10 3 9
0 10 0 0 0 0 3 4 8 10 3 9
0 10 0 0 0 0 3 4 8 10 3 9
0 10 0 0 0 0 3 4 8 10 3 9
0 10 0 0 0 0 3 4 8 10 3 9
0 10 0 0 0 0 3 4 8 10 3 9
0 16 0 0 0 0 3 4 4 8 0 10 0 10 6 10 3 9
0 16 0 0 0 0 3 4 4 8 0 10 0 10 6 10 3 9
0 16 0 0 0 0 3 4 4 8 0 10 0 10 6 10 3 9
0 16 0 0 0 0 3 4 4 8 0 10 0 10 6 10 3 9
0 15 0 0 0 0 3 4 4 8 0 10 0 10 6 10 9
0 15 0 0 0 0 3 4 4 8 0 10 0 10 6 10 9
0 15 0 0 0 0 3 4 4 8 0 10 0 10 6 10 9
0 15 0 0 0 0 3 4 4 8 0 10 0 10 6 10 9
0 8 0 0 0 0 3 8 4 9
0 8 0 0 0 0 3 8 4 9
0 8 0 0 0 0 3 8 4 9
0 8 0 0 0 0 3 8 4 9
0 8 0 0 0 0 3 8 4 9
0 8 0 0 0 0 3 8 4 9
0 10 0 0 0 0 3 8 4 4 9 0
0 10 0 0 0 0 3 8 4 4 9 0
0 10 0 0 0 0 3 8 4 4 9 0
0 10 0 0 0 0 3 8 4 4 9 0
0 10 0 0 0 0 3 8 4 4 9 0
0 8 0 0 0 3 4 8 8 9
1 10 358634
1 100 563582
1 100 563583
1 100 563584
1 100 563585
1 100 563586
1 100 563587
1 100 563588
1 1000 635234
1 10000 527457
1 100000 347445
1 1000000 125352
